      0/49        0G    0.1207   0.07237   0.05754    0.2506       220       640 0.0009161   0.01785 9.817e-05 1.236e-05    0.1207   0.06103   0.05753
      1/49        0G    0.1144    0.0753   0.05539    0.2451       197       640  0.002377   0.08679 0.0009476 0.0001406    0.1117   0.06921   0.05488
      2/49        0G    0.1063   0.08141   0.05304    0.2407       147       640   0.01164   0.08391  0.009587  0.001811    0.1017   0.07881   0.05142
      3/49        0G   0.09847   0.08962   0.04951    0.2376       174       640   0.05733   0.07468   0.05054   0.01472   0.09286   0.08356   0.04724
      4/49        0G   0.09105   0.09176   0.04565    0.2285       266       640    0.6669   0.09352    0.1139   0.04026    0.0856   0.08111   0.04268
      5/49        0G   0.08467   0.08536   0.04184    0.2119       240       640    0.5137    0.1737    0.1715   0.06577   0.07886   0.07911   0.03863
      6/49        0G   0.07924   0.08564   0.03793    0.2028       221       640    0.6988    0.1746    0.2017    0.0773    0.0731   0.07545   0.03543
      7/49        0G   0.07395   0.08068   0.03481    0.1894       216       640    0.1658    0.3713    0.2505   0.09608    0.0697   0.07344   0.03245
      8/49        0G   0.06941   0.07677   0.03173    0.1779       257       640    0.5726    0.4297    0.3382    0.1508   0.06375   0.06767   0.02941
      9/49        0G   0.06686   0.07609   0.02916    0.1721       190       640     0.555    0.3927     0.306    0.1017   0.07307   0.06692   0.02687
     10/49        0G   0.07043   0.07569   0.02713    0.1733       200       640    0.5846    0.4144    0.3383    0.1174   0.06539   0.06434   0.02492
     11/49        0G   0.06627   0.07428   0.02505    0.1656       277       640    0.5071    0.4025    0.3201    0.1054   0.06832   0.06223   0.02285
     12/49        0G    0.0657   0.07391   0.02313    0.1627       287       640    0.5238    0.4465    0.4044    0.1444   0.06322   0.06389   0.02096
     13/49        0G   0.06492   0.07097   0.02124    0.1571       208       640    0.5838    0.4212     0.378    0.1301   0.06372   0.06057   0.01963
     14/49        0G   0.06267   0.07308   0.01964    0.1554       257       640    0.5348    0.4415    0.3615    0.1333   0.06673   0.06034   0.01801
     15/49        0G   0.06246   0.06946   0.01873    0.1506       250       640    0.5988    0.3967    0.4105    0.1883   0.06451   0.05821   0.01703
     16/49        0G   0.06226    0.0718   0.01755    0.1516       307       640    0.5885    0.5207    0.4684    0.2133   0.05236   0.06054   0.01591
     17/49        0G   0.06071   0.07031    0.0167    0.1477       214       640    0.6343    0.4396    0.4277    0.1811    0.0592   0.05939   0.01527
     18/49        0G   0.06034   0.07243   0.01623     0.149       283       640    0.6229    0.4981    0.4907    0.2256   0.05172   0.05903   0.01464
     19/49        0G   0.05833    0.0735   0.01532    0.1472       228       640    0.5125    0.5197    0.4449    0.1845   0.05565   0.05759   0.01397
     20/49        0G   0.05741   0.07199   0.01468    0.1441       246       640     0.577     0.513    0.4881    0.2236   0.05203   0.05619   0.01354
     21/49        0G   0.05795   0.07172   0.01383    0.1435       252       640    0.6932    0.5634    0.5609     0.295   0.04607   0.05645     0.013
     22/49        0G   0.05552   0.07087   0.01294    0.1393       257       640    0.6305    0.5183    0.5308    0.2571   0.04937   0.05592   0.01252
     23/49        0G   0.05435   0.06997   0.01309    0.1374       244       640     0.586    0.6263    0.5296    0.2471   0.04701     0.055   0.01225
     24/49        0G   0.05428   0.06901   0.01276     0.136       261       640    0.6731    0.5586    0.5775    0.2671   0.04706   0.05422   0.01175
     25/49        0G   0.05143   0.06487   0.01201    0.1283       177       640    0.5863    0.5441    0.5091    0.2424   0.05114   0.05384   0.01154
     26/49        0G   0.05135   0.06307   0.01192    0.1263       232       640    0.6773    0.5862    0.5793    0.2664   0.04777   0.05366   0.01102
     27/49        0G    0.0524   0.06378   0.01145    0.1276       242       640    0.6426    0.6086    0.5603    0.2824    0.0467   0.05245   0.01066
     28/49        0G   0.05064   0.06698   0.01144    0.1291       242       640    0.6782    0.5823    0.5974    0.2988   0.04512   0.05286   0.01036
     29/49        0G   0.05535   0.06529   0.01133     0.132       214       640    0.5746    0.5787    0.5226    0.1924   0.05133   0.05183   0.01037
     30/49        0G   0.05492   0.06361   0.01087    0.1294       158       640    0.6971     0.596    0.6061    0.2941   0.04379    0.0525  0.009939
     31/49        0G   0.05217   0.06488   0.01088    0.1279       264       640    0.6393    0.6516    0.6636    0.3561   0.04257   0.05158  0.009764
     32/49        0G   0.05285   0.06329   0.01073    0.1269       204       640    0.6037     0.658    0.6361    0.3173   0.04453   0.05123  0.009544
     33/49        0G   0.05238    0.0658   0.01042    0.1286       269       640    0.6767    0.6691    0.6793    0.3391   0.04217   0.05117  0.009195
     34/49        0G   0.05036   0.06334  0.009994    0.1237       260       640    0.5587    0.7439    0.6924    0.3475   0.04291   0.05027  0.009131
     35/49        0G   0.04902   0.06301   0.00971    0.1217       266       640    0.5985    0.7342    0.6871     0.351   0.04262   0.05004  0.008873
     36/49        0G   0.04811   0.06047  0.009927    0.1185       210       640    0.5977    0.7348     0.688    0.3774   0.04199     0.049  0.008572
     37/49        0G   0.04846   0.06442  0.009185    0.1221       239       640    0.6199    0.7227    0.6906    0.4066   0.04064    0.0493  0.008293
     38/49        0G   0.04793   0.06323  0.009352    0.1205       260       640    0.7389    0.7359    0.7349    0.4152   0.03944   0.04895  0.008135
     39/49        0G   0.04783   0.05887  0.008769    0.1155       228       640    0.6937    0.7248    0.7237    0.4102   0.04026   0.04822  0.008006
     40/49        0G   0.04345   0.06375  0.008705    0.1159       310       640    0.7395    0.7104    0.7368    0.4255   0.03766   0.04717  0.007623
     41/49        0G   0.04459   0.06085  0.008646    0.1141       202       640    0.7313    0.7209    0.7453    0.4227   0.03768   0.04711  0.007527
     42/49        0G   0.04349   0.05925  0.008251     0.111       231       640    0.6497    0.7694    0.7455    0.4115   0.03756   0.04757  0.007341
     43/49        0G   0.04421   0.06101  0.008224    0.1134       247       640    0.7089    0.7702    0.7749    0.4534   0.03742   0.04685  0.007179
     44/49        0G   0.04288   0.05738   0.00804    0.1083       203       640    0.7136    0.7433    0.7634    0.4205   0.03647   0.04663  0.006997
     45/49        0G   0.04154    0.0584  0.008212    0.1081       206       640    0.7099    0.7727    0.7596    0.4392   0.03595   0.04546   0.00678
     46/49        0G   0.04189   0.05912   0.00751    0.1085       247       640    0.6987     0.773    0.7756    0.4519   0.03647   0.04556   0.00666
     47/49        0G   0.04184    0.0579  0.007354    0.1071       233       640    0.7068     0.806    0.8045    0.4732   0.03449   0.04561  0.006597
     48/49        0G   0.04167   0.05849  0.007359    0.1075       182       640    0.7559    0.8098    0.8089    0.4864   0.03388   0.04496  0.006292
     49/49        0G   0.04544   0.05665  0.007366    0.1095       248       640    0.7604    0.7729    0.7864    0.4461   0.03688   0.04487  0.006409
